1 2
2 2
3 2
4 2
5 2
6 2
7 2
8 2
9 2
10 2
11 2
12 2
13 2
14 2
15 2
16 2
17 2
18 2
19 2
20 2
21 3
22 3
23 3
24 3
25 3
26 3
27 3
28 3
29 3
30 3
31 3
32 3
33 3
34 3
35 3
36 3
37 3
38 3
39 4
40 4
41 4
42 4
43 4
44 4
45 4
46 4
47 4
48 4
49 4
50 4
51 4
52 4
53 4
54 4
55 4
56 4
57 4
58 4
59 4
60 4
61 4
62 4
63 4
64 4
65 4
66 4
67 4
68 4
69 4
70 4
71 4
72 5
73 5
74 5
75 5
76 5
77 5
78 5
79 5
80 5
81 5
82 5
83 5
84 5
85 5
86 5
87 5
88 6
89 6
90 6
91 6
92 6
93 6
94 6
95 6
96 6
97 6
98 6
99 6
100 6
101 9
102 9
103 9
104 9
105 9
106 9
107 9
108 9
109 9
110 9
111 9
112 9
113 9
114 9
115 9
116 9
117 9
118 9
119 9
120 9
121 9
122 9
123 9
124 9
125 9
126 9
127 9
128 9
129 9
130 9
131 9
132 9
133 9
134 9
135 9
136 9
137 9
138 9
139 9
140 9
141 9
142 9
143 9
144 9
145 9
146 9
147 9
148 9
149 9
150 9
151 9
152 9
153 9
154 9
155 9
156 9
157 9
158 9
159 9
160 9
161 9
162 9
163 9
164 9
165 9
166 9
167 9
168 9
169 9
170 9
171 9
172 9
173 9
174 9
175 9
176 9
177 9
178 9
179 9
180 9
181 11
182 11
183 11
184 11
185 20
186 20
187 20
188 20
189 20
190 20
191 21
192 21
193 21
194 21
195 21
196 21
197 21
198 21
199 21
200 21
201 21
202 21
203 21
204 21
205 21
206 21
207 21
208 21
209 21
210 21
211 21
212 21
213 21
214 21
215 21
216 21
217 21
218 21
219 21
220 21
221 21
222 21
223 21
224 21
225 21
226 21
227 21
228 21
229 21
230 21
231 21
232 21
233 21
234 21
235 21
236 21
237 21
238 21
239 21
240 21
241 21
242 21
243 21
244 21
245 21
246 21
247 21
248 21
249 22
250 22
251 22
252 22
253 23
254 23
255 23
256 23
257 23
258 23
259 23
260 23
261 23
262 23
263 23
264 23
265 23
266 23
267 23
268 23
269 23
270 23
271 23
272 23
273 23
274 23
275 23
276 23
277 23
278 23
279 23
280 23
281 23
282 23
283 23
284 23
285 23
286 23
287 23
288 23
289 23
290 23
291 23
292 23
293 23
294 23
295 23
296 23
297 23
298 23
299 23
300 23
301 23
302 23
303 23
304 23
305 23
306 24
307 24
308 24
309 24
310 24
311 24
312 24
313 24
314 24
315 24
316 24
317 24
318 24
319 24
320 24
321 24
322 24
323 24
324 24
325 24
326 24
327 24
328 24
329 24
330 24
331 24
332 25
333 25
334 25
335 25
336 25
337 25
338 25
339 25
340 25
341 25
342 25
343 25
344 25
345 25
346 25
347 25
348 25
349 25
350 25
351 25
352 25
353 25
354 25
355 25
356 25
357 25
358 25
359 25
360 25
361 25
362 25
363 25
364 25
365 25
366 25
367 25
368 25
369 25
370 25
371 25
372 25
373 25
374 28
375 28
376 28
377 28
378 28
379 28
380 28
381 28
382 28
383 28
384 28
385 28
386 28
387 28
388 28
389 28
390 28
391 28
392 28
393 28
394 28
395 28
396 28
397 28
398 28
399 28
400 28
401 28
402 28
403 28
404 28
405 28
406 55
407 55
408 55
409 55
410 55
411 55
412 55
413 55
414 55
415 55
416 55
417 55
418 55
419 57
420 57
421 57
422 57
423 57
424 57
425 57
426 57
427 57
428 57
429 57
430 57
431 57
432 57
433 57
434 57
435 57
436 60
437 60
438 60
439 60
440 60
441 60
442 60
443 60
444 60
445 60
446 60
447 60
448 60
449 60
450 60
451 60
452 60
453 60
454 60
455 60
456 60
457 60
458 60
459 60
460 60
461 60
462 60
463 60
464 62
465 62
466 62
467 62
468 62
469 62
470 62
471 62
472 62
473 62
474 65
475 68
476 73
477 73
478 73
479 73
480 73
481 73
482 73
483 73
484 73
485 74
486 74
487 74
488 74
489 74
490 74
491 74
492 80
493 80
494 80
495 80
496 80
497 80
498 80
499 80
500 80
501 80
502 80
503 80
504 80
505 80
506 80
507 80
508 80
509 80
510 80
511 80
512 80
513 81
514 81
515 81
516 81
517 81
518 81
519 81
520 81
521 91
522 91
523 91
524 91
525 93
526 93
527 93
528 95
529 95
530 95
531 95
532 95
533 95
534 95
535 96
536 96
537 96
538 97
539 97
540 97
541 97
542 97
543 97
544 97
545 97
546 97
547 97
548 97
549 97
550 97
551 97
552 97
553 97
554 97
555 97
556 97
557 97
558 97
559 97
560 97
561 97
562 150
563 150
564 150
565 150
566 156
567 157
568 158
569 158
570 158
571 158
572 159
573 159
574 159
575 171
576 171
577 171
578 171
579 181
580 181
581 181
582 200
583 219
584 222
585 226
586 226
587 228
588 230
589 230
590 230
591 230
592 231
593 233
594 233
595 234
596 236
597 236
598 237
599 253
600 253
601 256
602 256
603 256
604 256
605 256
606 267
607 269
608 273
609 273
610 273
611 273
612 276
613 276
614 276
615 276
616 276
617 281
618 287
619 287
620 287
621 287
622 289
623 300
624 300
625 300
626 344
627 344
628 344
629 345
630 345
631 345
632 345
633 345
634 348
635 348
636 348
637 395
638 396
639 396
640 396
641 396
642 399
643 399
644 399
645 399
646 399
647 443
648 443
649 444
650 444
651 444
652 445
653 445
654 446
655 449
656 455
657 458
658 460
659 460
660 460
661 461
662 463
663 463
664 463
665 463
666 463
667 463
668 463
669 468
670 469
671 470
672 471
673 471
674 473
675 477
676 477
677 482
678 482
679 485
680 490
681 492
682 494
683 494
684 494
685 494
686 495
687 499
688 500
689 502
690 502
691 506
692 506
693 506
694 510
695 511
696 511
697 511
698 511
699 513
700 513
701 514
702 521
703 521
704 521
705 527
706 527
707 529
708 530
709 530
710 530
711 536
712 539
713 539
714 540
715 544
716 544
717 548
718 548
719 550
720 551
721 557
722 557
723 557
724 557
725 559
726 560
727 561
728 561
729 562
730 563
731 563
732 568
733 570
734 575
735 576
736 577
737 578
738 578
739 578
740 582
741 583
742 583
743 585
744 586
745 586
746 586
747 586
748 587
749 589
750 589
751 589
752 590
753 601
754 601
755 604
756 604
757 605
758 605
759 605
760 605
761 606
762 611
763 611
764 611
765 611
766 612
767 612
768 612
769 612
770 613
771 613
772 614
773 619
774 619
775 620
776 620
777 625
778 629
779 630
780 631
781 632
782 633
783 633
784 637
785 638
786 638
787 640
788 641
789 642
790 643
791 644
792 644
793 644
794 645
795 645
796 645
797 645
798 646
799 647
800 648
801 648
802 649
803 656
804 656
805 657
806 658
807 659
808 659
809 659
810 661
811 663
812 664
813 664
814 664
815 664
816 665
817 666
818 666
819 668
820 668
821 669
822 669
823 670
824 670
825 671
826 671
827 671
828 672
829 672
830 672
831 672
832 673
833 677
834 677
835 678
836 680
837 680
838 680
839 680
840 680
841 682
842 683
843 690
844 691
845 691
846 691
847 692
848 692
849 693
850 693
851 693
852 697
853 711
854 711
855 711
856 713
857 714
858 714
859 714
860 714
861 714
862 714
863 717
864 718
865 718
866 719
867 719
868 720
869 720
870 721
871 721
872 721
873 722
874 722
875 723
876 723
877 724
878 724
879 724
880 724
881 725
882 725
883 727
884 727
885 727
886 728
887 730
888 731
889 731
890 731
891 735
892 736
893 737
894 737
895 737
896 737
897 737
898 737
899 737
900 741
901 741
902 741
903 741
904 741
905 741
906 741
907 741
908 741
909 741
910 741
911 741
912 742
913 742
914 742
915 742
916 744
917 750
918 750
919 751
920 754
921 755
922 755
923 755
924 755
925 756
926 763
927 763
928 765
929 765
930 765
931 765
932 765
933 768
934 768
935 769
936 770
937 770
938 772
939 772
940 774
941 774
942 774
943 775
944 778
945 778
946 779
947 780
948 781
949 781
950 781
951 781
952 781
953 783
954 783
955 783
956 783
957 783
958 784
959 785
960 786
961 786
962 787
963 787
964 788
965 789
966 792
967 792
968 792
969 792
970 792
971 792
972 792
973 794
974 794
975 794
976 794
977 794
978 794
979 795
980 795
981 795
982 795
983 796
984 800
985 800
986 800
987 800
988 800
989 801
990 801
991 801
992 801
993 801
994 801
995 801
996 801
997 802
998 802
999 802
1000 802
1001 803
1002 803
1003 803
1004 803
1005 803
1006 803
1007 803
1008 803
1009 805
1010 806
1011 806
1012 809
1013 809
1014 809
1015 810
1016 810
1017 810
1018 810
1019 810
1020 811
1021 811
1022 811
1023 812
1024 812
1025 813
1026 817
1027 817
1028 817
1029 819
1030 819
1031 819
1032 819
1033 819
1034 819
1035 819
1036 819
1037 819
1038 819
1039 820
1040 820
1041 820
1042 820
1043 822
1044 823
1045 823
1046 823
1047 823
1048 824
1049 824
1050 824
1051 824
1052 825
1053 825
1054 825
1055 826
1056 826
1057 826
1058 826
1059 826
1060 826
1061 829
1062 829
1063 829
1064 829
1065 829
1066 829
1067 829
1068 830
1069 830
1070 831
1071 831
1072 831
1073 831
1074 832
1075 833
1076 833
1077 833
1078 833
1079 834
1080 834
1081 834
1082 835
1083 835
1084 838
1085 838
1086 838
1087 838
1088 838
1089 838
1090 842
1091 842
1092 842
1093 842
1094 842
1095 842
1096 842
1097 843
1098 843
1099 843
1100 843
1101 844
1102 846
1103 846
1104 846
1105 846
1106 846
1107 846
1108 846
1109 846
1110 846
1111 846
1112 846
1113 846
1114 846
1115 846
1116 846
1117 846
1118 846
1119 846
1120 846
1121 846
1122 847
1123 847
1124 852
1125 852
1126 852
1127 852
1128 852
1129 852
1130 853
1131 856
1132 856
1133 856
1134 856
1135 856
1136 856
1137 856
1138 856
1139 856
1140 856
1141 856
1142 856
1143 857
1144 857
1145 860
1146 860
1147 860
1148 861
1149 861
1150 861
1151 861
1152 863
1153 863
1154 863
1155 863
1156 863
1157 863
1158 863
1159 863
1160 864
1161 865
1162 865
1163 866
1164 866
1165 866
1166 867
1167 867
1168 867
1169 867
1170 867
1171 869
1172 869
1173 870
1174 870
1175 871
1176 871
1177 871
1178 871
1179 871
1180 871
1181 871
1182 871
1183 871
1184 871
1185 871
1186 871
1187 871
1188 871
1189 871
1190 871
1191 871
1192 871
1193 873
1194 873
1195 873
1196 873
1197 873
1198 873
1199 873
1200 873
1201 873
1202 873
1203 874
1204 874
1205 874
1206 874
1207 874
1208 875
1209 875
1210 875
1211 876
1212 876
1213 876
1214 876
1215 876
1216 876
1217 876
1218 876
1219 877
1220 877
1221 877
1222 878
1223 880
1224 880
1225 880
1226 883
1227 883
1228 883
1229 884
1230 884
1231 885
1232 885
1233 885
1234 888
1235 888
1236 889
1237 889
1238 889
1239 889
1240 889
1241 889
1242 889
1243 889
1244 889
1245 889
1246 889
1247 890
1248 890
1249 890
1250 891
1251 892
1252 892
1253 892
1254 892
1255 892
1256 892
1257 892
1258 893
1259 893
1260 893
1261 894
1262 894
1263 894
1264 894
1265 894
1266 894
1267 894
1268 896
1269 896
1270 896
1271 896
1272 896
1273 896
1274 896
1275 896
1276 896
1277 896
1278 896
1279 896
1280 898
1281 902
1282 902
1283 902
1284 902
1285 902
1286 904
1287 904
1288 905
1289 906
1290 906
1291 906
1292 906
1293 906
1294 906
1295 907
1296 907
1297 907
1298 911
1299 912
1300 913
1301 913
1302 913
1303 913
1304 913
1305 913
1306 913
1307 913
1308 913
1309 914
1310 915
1311 915
1312 915
1313 915
1314 915
1315 916
1316 916
1317 916
1318 917
1319 917
1320 917
1321 917
1322 918
1323 919
1324 920
1325 920
1326 920
1327 920
1328 923
1329 923
1330 923
1331 923
1332 924
1333 924
1334 924
1335 924
1336 924
1337 924
1338 924
1339 924
1340 925
1341 925
1342 925
1343 925
1344 925
1345 928
1346 928
1347 928
1348 928
1349 928
1350 928
1351 929
1352 930
1353 930
1354 930
1355 930
1356 930
1357 930
1358 930
1359 930
1360 930
1361 930
1362 930
1363 931
1364 932
1365 933
1366 933
1367 933
1368 933
1369 933
1370 933
1371 933
1372 933
1373 933
1374 933
1375 933
1376 933
1377 933
1378 933
1379 933
1380 933
1381 933
1382 933
1383 935
1384 935
1385 935
1386 935
1387 936
1388 936
1389 936
1390 936
1391 936
1392 936
1393 938
1394 938
1395 938
1396 938
1397 938
1398 938
1399 939
1400 939
1401 939
1402 939
1403 939
1404 939
1405 939
1406 940
1407 940
1408 940
1409 941
1410 941
1411 941
1412 941
1413 941
1414 941
1415 941
1416 941
1417 942
1418 942
1419 942
1420 944
1421 944
1422 944
1423 944
1424 944
1425 944
1426 944
1427 944
1428 944
1429 944
1430 944
1431 944
1432 944
1433 944
1434 944
1435 944
1436 944
1437 944
1438 944
1439 944
1440 944
1441 944
1442 945
1443 945
1444 945
1445 945
1446 945
1447 945
1448 945
1449 946
1450 946
1451 946
1452 946
1453 946
1454 946
1455 946
1456 946
1457 946
1458 946
1459 946
1460 946
1461 946
1462 946
1463 946
1464 946
1465 946
1466 946
1467 946
1468 946
1469 946
1470 946
1471 946
1472 947
1473 947
1474 947
1475 947
1476 947
1477 947
1478 947
1479 947
1480 949
1481 949
1482 949
1483 949
1484 949
1485 950
1486 950
1487 951
1488 951
1489 951
1490 951
1491 951
1492 951
1493 951
1494 951
1495 952
1496 952
1497 952
1498 952
1499 952
1500 952
1501 952
1502 952
1503 952
1504 952
1505 952
1506 952
1507 952
1508 952
1509 952
1510 952
1511 952
1512 953
1513 953
1514 954
1515 954
1516 954
1517 954
1518 954
1519 954
1520 954
1521 954
1522 955
1523 955
1524 955
1525 955
1526 956
1527 956
1528 956
1529 956
1530 956
1531 956
1532 956
1533 956
1534 956
1535 956
1536 956
1537 956
1538 956
1539 956
1540 956
1541 956
1542 956
1543 956
1544 956
1545 956
1546 956
1547 956
1548 956
1549 957
1550 957
1551 957
1552 957
1553 957
1554 957
1555 957
1556 957
1557 957
1558 957
1559 957
1560 957
1561 957
1562 957
1563 957
1564 957
1565 959
1566 959
1567 959
1568 959
1569 959
1570 959
1571 959
1572 959
1573 959
1574 960
1575 960
1576 961
1577 962
1578 962
1579 962
1580 962
1581 962
1582 962
1583 962
1584 962
1585 962
1586 962
1587 962
1588 962
1589 962
1590 962
1591 962
1592 962
1593 962
1594 962
1595 963
1596 963
1597 963
1598 963
1599 963
1600 963
1601 963
1602 963
1603 963
1604 963
1605 963
1606 963
1607 963
1608 963
1609 963
1610 963
1611 963
1612 963
1613 964
1614 964
1615 964
1616 964
1617 965
1618 965
1619 965
1620 965
1621 965
1622 965
1623 965
1624 965
1625 965
1626 965
1627 965
1628 965
1629 966
1630 967
1631 967
1632 968
1633 968
1634 968
1635 968
1636 968
1637 968
1638 968
1639 968
1640 968
1641 968
1642 968
1643 968
1644 968
1645 968
1646 968
1647 968
1648 968
1649 968
1650 968
1651 968
1652 968
1653 968
1654 968
1655 968
1656 968
1657 968
1658 969
1659 969
1660 969
1661 969
1662 969
1663 969
1664 969
1665 969
1666 969
1667 969
1668 969
1669 969
1670 970
1671 970
1672 970
1673 970
1674 970
1675 970
1676 971
1677 971
1678 971
1679 971
1680 971
1681 971
1682 971
1683 971
1684 971
1685 971
1686 971
1687 971
1688 971
1689 971
1690 971
1691 971
1692 971
1693 971
1694 971
1695 971
1696 971
1697 971
1698 971
1699 971
1700 971
1701 971
1702 972
1703 972
1704 972
1705 972
1706 972
1707 972
1708 972
1709 972
1710 972
1711 972
1712 972
1713 972
1714 972
1715 972
1716 972
1717 972
1718 972
1719 972
1720 972
1721 972
1722 972
1723 972
1724 972
1725 972
1726 972
1727 972
1728 972
1729 972
1730 972
1731 972
1732 972
1733 972
1734 972
1735 972
1736 972
1737 972
1738 972
1739 972
1740 972
1741 972
1742 972
1743 972
1744 972
1745 972
1746 973
1747 973
1748 973
1749 973
1750 973
1751 973
1752 973
1753 973
1754 974
1755 975
1756 975
1757 975
1758 975
1759 975
1760 976
1761 976
1762 976
1763 976
1764 976
1765 976
1766 976
1767 976
1768 976
1769 976
1770 976
1771 976
1772 976
1773 976
1774 976
1775 976
1776 976
1777 976
1778 976
1779 976
1780 976
1781 976
1782 976
1783 976
1784 976
1785 976
1786 976
1787 976
1788 976
1789 976
1790 976
1791 976
1792 976
1793 976
1794 976
1795 976
1796 976
1797 976
1798 976
1799 976
1800 976
1801 976
1802 976
1803 976
1804 976
1805 976
1806 976
1807 977
1808 977
1809 977
1810 978
1811 978
1812 978
1813 978
1814 978
1815 978
1816 978
1817 978
1818 978
1819 978
1820 979
1821 979
1822 979
1823 979
1824 979
1825 979
1826 979
1827 979
1828 979
1829 979
1830 979
1831 979
1832 979
1833 980
1834 980
1835 980
1836 980
1837 980
1838 981
1839 981
1840 981
1841 981
1842 981
1843 981
1844 981
1845 981
1846 981
1847 981
1848 982
1849 982
1850 982
1851 982
1852 982
1853 982
1854 982
1855 982
1856 982
1857 982
1858 982
1859 982
1860 982
1861 982
1862 982
1863 982
1864 982
1865 982
1866 982
1867 982
1868 982
1869 982
1870 983
1871 983
1872 983
1873 983
1874 983
1875 983
1876 983
1877 983
1878 983
1879 983
1880 983
1881 983
1882 984
1883 984
1884 984
1885 984
1886 984
1887 984
1888 984
1889 984
1890 984
1891 984
1892 984
1893 984
1894 984
1895 984
1896 984
1897 984
1898 984
1899 984
1900 984
1901 984
1902 985
1903 985
1904 985
1905 985
1906 985
1907 985
1908 985
1909 985
1910 985
1911 986
1912 986
1913 986
1914 986
1915 986
1916 986
1917 986
1918 986
1919 986
1920 986
1921 986
1922 986
1923 986
1924 986
1925 986
1926 986
1927 986
1928 986
1929 986
1930 986
1931 986
1932 986
1933 986
1934 987
1935 987
1936 987
1937 987
1938 987
1939 987
1940 987
1941 987
1942 987
1943 987
1944 987
1945 987
1946 987
1947 987
1948 987
1949 987
1950 987
1951 987
1952 987
1953 987
1954 987
1955 987
1956 987
1957 987
1958 987
1959 987
1960 987
1961 987
1962 987
1963 987
1964 987
1965 987
1966 987
1967 987
1968 987
1969 987
1970 987
1971 987
1972 987
1973 987
1974 987
1975 987
1976 987
1977 987
1978 987
1979 987
1980 987
1981 987
1982 987
1983 987
1984 987
1985 987
1986 987
1987 987
1988 988
1989 988
1990 988
1991 988
1992 988
1993 988
1994 988
1995 988
1996 988
1997 988
1998 988
1999 988
2000 988
2001 988
2002 988
2003 988
2004 988
2005 988
2006 988
2007 988
2008 988
2009 988
2010 988
2011 988
2012 988
2013 988
2014 988
2015 988
2016 988
2017 988
2018 988
2019 988
2020 988
2021 988
2022 988
2023 988
2024 988
2025 988
2026 988
2027 988
2028 989
2029 989
2030 989
2031 989
2032 989
2033 989
2034 989
2035 989
2036 989
2037 989
2038 989
2039 989
2040 989
2041 989
2042 989
2043 989
2044 989
2045 989
2046 989
2047 989
2048 989
2049 989
2050 989
2051 989
2052 989
2053 989
2054 989
2055 989
2056 989
2057 989
2058 989
2059 989
2060 989
2061 989
2062 989
2063 989
2064 989
2065 989
2066 989
2067 989
2068 989
2069 989
2070 989
2071 989
2072 989
2073 989
2074 989
2075 989
2076 989
2077 989
2078 989
2079 989
2080 989
2081 989
2082 989
2083 989
2084 989
2085 989
2086 989
2087 989
2088 989
2089 989
2090 989
2091 989
2092 989
2093 989
2094 989
2095 989
2096 989
2097 989
2098 989
2099 989
2100 989
2101 989
2102 989
2103 989
2104 989
2105 989
2106 989
2107 989
2108 989
2109 989
2110 989
2111 989
2112 989
2113 989
2114 990
2115 990
2116 990
2117 990
2118 990
2119 990
2120 990
2121 990
2122 990
2123 990
2124 990
2125 990
2126 990
2127 990
2128 990
2129 990
2130 990
2131 990
2132 990
2133 990
2134 990
2135 990
2136 990
2137 990
2138 990
2139 990
2140 990
2141 990
2142 990
2143 990
2144 990
2145 990
2146 990
2147 990
2148 990
2149 990
2150 990
2151 990
2152 990
2153 990
2154 990
2155 990
2156 990
2157 990
2158 990
2159 990
2160 990
2161 990
2162 990
2163 990
2164 990
2165 990
2166 990
2167 990
2168 990
2169 990
2170 990
2171 990
2172 990
2173 990
2174 990
2175 990
2176 990
2177 990
2178 990
2179 990
2180 990
2181 990
2182 990
2183 990
2184 990
2185 990
2186 990
2187 990
2188 990
2189 990
2190 990
2191 990
2192 990
2193 990
2194 990
2195 990
2196 990
2197 990
2198 990
2199 990
2200 990
2201 990
2202 990
2203 990
2204 990
2205 990
2206 990
2207 990
2208 990
2209 990
2210 990
2211 990
2212 990
2213 990
2214 990
2215 990
2216 990
2217 990
2218 990
2219 990
2220 990
2221 990
2222 990
2223 990
2224 990
2225 990
2226 990
2227 990
2228 990
2229 990
2230 990
2231 990
2232 990
2233 990
2234 990
2235 990
2236 990
2237 990
2238 990
2239 990
2240 990
2241 990
2242 991
2243 991
2244 991
2245 991
2246 991
2247 991
2248 991
2249 991
2250 991
2251 991
2252 991
2253 991
2254 991
2255 991
2256 991
2257 991
2258 991
2259 991
2260 991
2261 991
2262 991
2263 991
2264 991
2265 991
2266 991
2267 991
2268 991
2269 991
2270 991
2271 991
2272 991
2273 991
2274 991
2275 991
2276 991
2277 991
2278 991
2279 991
2280 991
2281 991
2282 991
2283 991
2284 991
2285 991
2286 991
2287 991
2288 991
2289 991
2290 991
2291 991
2292 991
2293 991
2294 991
2295 992
2296 992
2297 992
2298 992
2299 993
2300 993
2301 993
2302 993
2303 993
2304 993
2305 993
2306 993
2307 993
2308 993
2309 993
2310 993
2311 993
2312 993
2313 993
2314 993
2315 993
2316 993
2317 993
2318 993
2319 993
2320 993
2321 993
2322 993
2323 993
2324 993
2325 993
2326 993
2327 993
2328 993
2329 993
2330 993
2331 993
2332 993
2333 993
2334 993
2335 993
2336 993
2337 993
2338 993
2339 993
2340 993
2341 993
2342 993
2343 993
2344 993
2345 993
2346 993
2347 993
2348 993
2349 993
2350 993
2351 993
2352 993
2353 993
2354 993
2355 993
2356 993
2357 993
2358 993
2359 993
2360 993
2361 993
2362 993
2363 993
2364 993
2365 993
2366 993
2367 993
2368 993
2369 993
2370 993
2371 993
2372 993
2373 993
2374 993
2375 993
2376 993
2377 993
2378 993
2379 993
2380 993
2381 993
2382 993
2383 993
2384 993
2385 993
2386 993
2387 993
2388 993
2389 993
2390 993
2391 993
2392 993
2393 993
2394 993
2395 993
2396 993
2397 993
2398 993
2399 993
2400 993
2401 993
2402 993
2403 993
2404 993
2405 993
2406 993
2407 993
2408 993
2409 993
2410 993
2411 993
2412 994
2413 994
2414 994
2415 994
2416 994
2417 994
2418 994
2419 994
2420 994
2421 994
2422 994
2423 994
2424 994
2425 994
2426 994
2427 994
2428 994
2429 994
2430 994
2431 994
2432 994
2433 994
2434 994
2435 994
2436 994
2437 994
2438 994
2439 994
2440 994
2441 994
2442 994
2443 994
2444 994
2445 994
2446 994
2447 994
2448 994
2449 994
2450 994
2451 994
2452 994
2453 994
2454 994
2455 994
2456 994
2457 994
2458 994
2459 994
2460 994
2461 994
2462 994
2463 994
2464 994
2465 994
2466 994
2467 994
2468 994
2469 994
2470 994
2471 994
2472 994
2473 994
2474 994
2475 994
2476 994
2477 994
2478 994
2479 994
2480 994
2481 994
2482 994
2483 994
2484 994
2485 994
2486 994
2487 994
2488 994
2489 994
2490 994
2491 994
2492 994
2493 994
2494 994
2495 994
2496 994
2497 994
2498 994
2499 994
2500 994
2501 994
2502 994
2503 994
2504 994
2505 994
2506 994
2507 994
2508 994
2509 994
2510 994
2511 994
2512 994
2513 994
2514 994
2515 994
2516 994
2517 994
2518 994
2519 994
2520 994
2521 995
2522 995
2523 995
2524 995
2525 995
2526 995
2527 995
2528 995
2529 995
2530 995
2531 995
2532 995
2533 995
2534 995
2535 995
2536 995
2537 995
2538 995
2539 995
2540 995
2541 995
2542 995
2543 995
2544 995
2545 995
2546 995
2547 995
2548 995
2549 995
2550 995
2551 995
2552 995
2553 995
2554 995
2555 995
2556 995
2557 995
2558 995
2559 995
2560 995
2561 995
2562 995
2563 995
2564 995
2565 995
2566 995
2567 995
2568 995
2569 995
2570 995
2571 995
2572 995
2573 995
2574 995
2575 995
2576 995
2577 995
2578 995
2579 995
2580 995
2581 995
2582 995
2583 995
2584 995
2585 995
2586 995
2587 995
2588 995
2589 995
2590 995
2591 995
2592 995
2593 995
2594 995
2595 995
2596 995
2597 995
2598 995
2599 995
2600 995
2601 995
2602 995
2603 995
2604 995
2605 995
2606 995
2607 995
2608 995
2609 995
2610 995
2611 995
2612 995
2613 995
2614 995
2615 995
2616 995
2617 995
2618 996
2619 996
2620 996
2621 996
2622 996
2623 996
2624 996
2625 996
2626 996
2627 996
2628 996
2629 996
2630 996
2631 996
2632 996
2633 996
2634 996
2635 996
2636 996
2637 996
2638 996
2639 996
2640 996
2641 996
2642 996
2643 996
2644 996
2645 996
2646 996
2647 996
2648 996
2649 996
2650 996
2651 996
2652 996
2653 996
2654 996
2655 996
2656 996
2657 996
2658 996
2659 996
2660 996
2661 996
2662 996
2663 996
2664 996
2665 996
2666 996
2667 996
2668 996
2669 996
2670 996
2671 996
2672 996
2673 996
2674 996
2675 996
2676 996
2677 996
2678 996
2679 996
2680 996
2681 996
2682 996
2683 996
2684 996
2685 996
2686 996
2687 996
2688 996
2689 996
2690 996
2691 996
2692 996
2693 996
2694 996
2695 996
2696 996
2697 996
2698 996
2699 996
2700 996
2701 996
2702 996
2703 996
2704 996
2705 996
2706 996
2707 996
2708 996
2709 996
2710 996
2711 996
2712 996
2713 996
2714 996
2715 996
2716 996
2717 996
2718 996
2719 996
2720 996
2721 996
2722 996
2723 996
2724 996
2725 996
2726 996
2727 996
2728 996
2729 996
2730 996
2731 996
2732 996
2733 996
2734 996
2735 996
2736 996
2737 996
2738 996
2739 996
2740 996
2741 996
2742 996
2743 996
2744 996
2745 996
2746 996
2747 996
2748 996
2749 996
2750 996
2751 996
2752 996
2753 996
2754 996
2755 996
2756 996
2757 996
2758 996
2759 996
2760 996
2761 996
2762 996
2763 996
2764 996
2765 996
2766 996
2767 996
2768 996
2769 996
2770 996
2771 996
2772 996
2773 996
2774 996
2775 996
2776 996
2777 996
2778 996
2779 996
2780 996
2781 996
2782 996
2783 996
2784 996
2785 996
2786 996
2787 996
2788 996
2789 996
2790 996
2791 996
2792 996
2793 996
2794 996
2795 996
2796 996
2797 996
2798 996
2799 996
2800 996
2801 996
2802 996
2803 996
2804 996
2805 996
2806 996
2807 996
2808 996
2809 996
2810 996
2811 996
2812 996
2813 996
2814 996
2815 996
2816 996
2817 996
2818 996
2819 996
2820 996
2821 996
2822 996
2823 996
2824 996
2825 996
2826 996
2827 996
2828 996
2829 996
2830 996
2831 996
2832 996
2833 996
2834 996
2835 996
2836 996
2837 996
2838 996
2839 996
2840 996
2841 996
2842 996
2843 996
2844 996
2845 996
2846 996
2847 996
2848 996
2849 996
2850 996
2851 996
2852 996
2853 996
2854 996
2855 996
2856 996
2857 996
2858 996
2859 996
2860 996
2861 996
2862 996
2863 996
2864 996
2865 996
2866 996
2867 996
2868 996
2869 996
2870 996
2871 996
2872 996
2873 996
2874 996
2875 996
2876 996
2877 996
2878 996
2879 996
2880 996
2881 996
2882 996
2883 996
2884 996
2885 996
2886 996
2887 996
2888 996
2889 996
2890 996
2891 996
2892 996
2893 996
2894 996
2895 996
2896 996
2897 996
2898 996
2899 996
2900 996
2901 996
2902 996
2903 996
2904 996
2905 996
2906 996
2907 996
2908 996
2909 996
2910 996
2911 996
2912 996
2913 996
2914 996
2915 996
2916 996
2917 996
2918 996
2919 996
2920 996
2921 996
2922 997
2923 997
2924 997
2925 997
2926 997
2927 997
2928 997
2929 997
2930 997
2931 997
2932 997
2933 997
2934 997
2935 997
2936 997
2937 997
2938 997
2939 997
2940 997
2941 997
2942 997
2943 997
2944 997
2945 997
2946 997
2947 997
2948 997
2949 997
2950 997
2951 997
2952 997
2953 997
2954 997
2955 997
2956 997
2957 997
2958 997
2959 997
2960 997
2961 997
2962 997
2963 997
2964 997
2965 997
2966 997
2967 997
2968 997
2969 997
2970 997
2971 997
2972 997
2973 997
2974 997
2975 997
2976 997
2977 997
2978 997
2979 997
2980 997
2981 997
2982 997
2983 997
2984 997
2985 997
2986 997
2987 997
2988 997
2989 997
2990 997
2991 997
2992 997
2993 997
2994 997
2995 997
2996 997
2997 997
2998 997
2999 997
3000 997
3001 997
3002 997
3003 997
3004 997
3005 997
3006 997
3007 997
3008 997
3009 997
3010 997
3011 997
3012 997
3013 997
3014 997
3015 997
3016 997
3017 997
3018 997
3019 997
3020 997
3021 997
3022 997
3023 997
3024 997
3025 997
3026 997
3027 997
3028 997
3029 997
3030 997
3031 997
3032 997
3033 997
3034 997
3035 997
3036 997
3037 997
3038 997
3039 997
3040 997
3041 997
3042 997
3043 997
3044 997
3045 997
3046 997
3047 997
3048 997
3049 997
3050 997
3051 997
3052 997
3053 997
3054 997
3055 997
3056 997
3057 997
3058 997
3059 997
3060 997
3061 997
3062 997
3063 997
3064 997
3065 997
3066 997
3067 997
3068 997
3069 997
3070 997
3071 997
3072 997
3073 997
3074 997
3075 997
3076 997
3077 997
3078 997
3079 997
3080 997
3081 997
3082 997
3083 997
3084 997
3085 997
3086 997
3087 997
3088 997
3089 997
3090 997
3091 997
3092 997
3093 997
3094 997
3095 997
3096 997
3097 997
3098 997
3099 997
3100 997
3101 998
3102 998
3103 998
3104 998
3105 998
3106 998
3107 998
3108 998
3109 998
3110 998
3111 998
3112 998
3113 998
3114 998
3115 998
3116 998
3117 998
3118 998
3119 998
3120 998
3121 998
3122 998
3123 998
3124 998
3125 998
3126 998
3127 998
3128 998
3129 998
3130 998
3131 998
3132 998
3133 998
3134 998
3135 998
3136 998
3137 998
3138 998
3139 998
3140 998
3141 998
3142 998
3143 998
3144 998
3145 998
3146 998
3147 998
3148 998
3149 998
3150 998
3151 998
3152 998
3153 998
3154 998
3155 998
3156 998
3157 998
3158 998
3159 998
3160 998
3161 998
3162 998
3163 998
3164 998
3165 998
3166 998
3167 998
3168 998
3169 998
3170 998
3171 998
3172 998
3173 998
3174 998
3175 998
3176 998
3177 998
3178 998
3179 998
3180 998
3181 998
3182 998
3183 998
3184 998
3185 998
3186 998
3187 998
3188 998
3189 998
3190 998
3191 998
3192 998
3193 998
3194 998
3195 998
3196 998
3197 998
3198 998
3199 998
3200 998
3201 998
3202 998
3203 998
3204 998
3205 998
3206 998
3207 998
3208 998
3209 998
3210 998
3211 998
3212 998
3213 998
3214 998
3215 998
3216 998
3217 998
3218 998
3219 998
3220 998
3221 998
3222 998
3223 998
3224 998
3225 998
3226 999
3227 999
3228 999
3229 999
3230 999
3231 999
3232 999
3233 999
3234 999
3235 999
3236 999
3237 999
3238 999
3239 999
3240 999
3241 999
3242 999
3243 999
3244 999
3245 999
3246 999
3247 999
3248 999
3249 999
3250 999
3251 999
3252 999
3253 999
3254 999
3255 999
3256 999
3257 999
3258 999
3259 999
3260 999
3261 999
3262 999
3263 999
3264 999
3265 999
3266 999
3267 999
3268 999
3269 999
3270 999
3271 999
3272 999
3273 999
3274 999
3275 999
3276 999
3277 999
3278 999
3279 999
3280 999
3281 999
3282 999
3283 999
3284 999
3285 999
3286 999
3287 999
3288 999
3289 999
3290 999
3291 999
3292 999
3293 999
3294 999
3295 999
3296 999
3297 999
3298 999
3299 999
3300 999
3301 999
3302 999
3303 999
3304 999
3305 999
3306 999
3307 999
3308 999
3309 999
3310 999
3311 999
3312 999
3313 999
3314 999
3315 999
3316 999
3317 999
3318 999
3319 999
3320 999
3321 999
3322 999
3323 999
3324 999
3325 999
3326 999
3327 999
3328 999
3329 999
3330 999
3331 999
3332 999
3333 999
3334 999
3335 999
3336 999
3337 999
3338 999
3339 999
3340 999
3341 999
3342 999
3343 999
3344 999
3345 999
3346 999
3347 999
3348 999
3349 999
3350 999
3351 999
3352 999
3353 999
3354 999
3355 999
3356 999
3357 999
3358 999
3359 999
3360 999
3361 999
3362 999
3363 999
3364 999
3365 999
3366 999
3367 999
3368 999
3369 999
3370 999
3371 999
3372 999
3373 999
3374 999
3375 999
3376 999
3377 999
3378 999
3379 999
3380 999
3381 999
3382 999
3383 999
3384 999
3385 999
3386 999
3387 999
3388 999
3389 999
3390 999
3391 999
3392 999
3393 999
3394 999
3395 999
3396 999
3397 999
3398 999
3399 999
3400 999
3401 999
3402 999
3403 999
3404 999
3405 999
3406 999
3407 999
3408 999
3409 999
3410 999
3411 999
3412 999
3413 999
3414 999
3415 999
3416 999
3417 999
3418 999
3419 999
3420 999
3421 999
3422 999
3423 999
3424 999
3425 999
3426 999
3427 999
3428 999
3429 999
3430 999
3431 999
3432 999
3433 999
3434 999
3435 999
3436 999
3437 999
3438 999
3439 999
3440 999
3441 999
3442 999
3443 999
3444 999
3445 999
3446 999
3447 999
3448 999
3449 999
3450 999
3451 999
3452 999
3453 999
3454 999
3455 999
3456 999
3457 999
3458 999
3459 999
3460 999
3461 999
3462 999
3463 999
3464 999
3465 999
3466 999
3467 999
3468 999
3469 999
3470 999
3471 999
3472 999
3473 999
3474 999
3475 999
3476 999
3477 999
3478 999
3479 999
3480 999
3481 999
3482 999
3483 999
3484 999
3485 999
3486 999
3487 999
3488 999
3489 999
3490 999
3491 999
3492 999
3493 999
3494 999
3495 999
3496 999
3497 999
3498 999
3499 999
3500 999
3501 999
3502 999
3503 999
3504 999
3505 999
3506 999
3507 999
3508 999
3509 999
3510 999
3511 999
3512 999
3513 999
3514 999
3515 999
3516 999
3517 999
3518 999
3519 999
3520 999
3521 999
3522 999
3523 999
3524 999
3525 999
3526 999
3527 999
3528 999
3529 999
3530 999
3531 999
3532 999
3533 999
3534 999
3535 999
3536 999
3537 999
3538 999
3539 999
3540 999
3541 999
3542 999
3543 999
3544 999
3545 999
3546 999
3547 999
3548 999
3549 999
3550 999
3551 999
3552 999
3553 999
3554 999
3555 999
3556 999
3557 999
3558 999
3559 999
3560 999
3561 999
3562 999
3563 999
3564 999
3565 999
3566 999
3567 999
3568 999
3569 999
3570 999
3571 999
3572 999
3573 999
3574 999
3575 999
3576 999
3577 999
3578 999
3579 999
3580 999
3581 999
3582 999
3583 999
3584 999
3585 999
3586 999
3587 999
3588 999
3589 999
3590 999
3591 999
3592 999
3593 999
3594 999
3595 999
3596 999
3597 999
3598 999
3599 999
3600 999
3601 999
3602 999
3603 999
3604 999
3605 999
3606 999
3607 999
3608 999
3609 999
3610 999
3611 999
3612 999
3613 999
3614 999
3615 999
3616 999
3617 999
3618 999
3619 999
3620 999
3621 999
3622 999
3623 999
3624 999
3625 999
3626 999
3627 999
3628 999
3629 999
3630 999
3631 999
3632 999
3633 999
3634 999
3635 999
3636 999
3637 999
3638 999
3639 999
3640 999
3641 999
3642 999
3643 999
3644 999
3645 999
3646 999
3647 999
3648 999
3649 999
3650 999
3651 999
3652 999
3653 999
3654 999
3655 999
3656 999
3657 999
3658 999
3659 999
3660 999
3661 999
3662 999
3663 999
3664 999
3665 999
3666 999
3667 999
3668 999
3669 999
3670 999
3671 999
3672 999
3673 999
3674 999
3675 999
3676 999
3677 999
3678 999
3679 999
3680 999
3681 999
3682 999
3683 999
3684 999
3685 999
3686 999
3687 999
3688 999
3689 999
3690 999
3691 999
3692 999
3693 999
3694 999
3695 999
3696 999
3697 999
3698 999
3699 999
3700 999
3701 999
3702 999
3703 999
3704 999
3705 999
3706 999
3707 999
3708 999
3709 999
3710 999
3711 999
3712 999
3713 999
3714 999
3715 999
3716 999
3717 999
3718 999
3719 999
3720 999
3721 999
3722 999
3723 999
3724 999
3725 999
3726 999
3727 999
3728 999
3729 999
3730 999
3731 999
3732 999
3733 999
3734 999
3735 999
3736 999
3737 999
3738 999
3739 999
3740 999
3741 999
3742 999
3743 999
3744 999
3745 999
3746 999
3747 999
3748 999
3749 999
3750 999
3751 999
3752 999
3753 999
3754 999
3755 999
3756 999
3757 999
3758 999
3759 999
3760 999
3761 999
3762 999
3763 999
3764 999
3765 999
3766 999
3767 999
3768 999
3769 999
3770 999
3771 999
3772 999
3773 999
3774 999
3775 999
3776 999
3777 999
3778 999
3779 999
3780 999
3781 999
3782 999
3783 999
3784 999
3785 999
3786 999
3787 999
3788 999
3789 999
3790 999
3791 999
3792 999
3793 1000
3794 1000
3795 1000
3796 1000
3797 1000
3798 1000
3799 1000
3800 1000
3801 1000
3802 1000
3803 1000
3804 1000
3805 1000
3806 1000
3807 1000
3808 1000
3809 1000
3810 1000
3811 1000
3812 1000
3813 1000
3814 1000
3815 1000
3816 1000
3817 1000
3818 1000
3819 1000
3820 1000
3821 1000
3822 1000
3823 1000
3824 1000
3825 1000
3826 1000
3827 1000
3828 1000
3829 1000
3830 1000
3831 1000
3832 1000
3833 1000
3834 1000
3835 1000
3836 1000
3837 1000
3838 1000
3839 1000
3840 1000
3841 1000
3842 1000
3843 1000
3844 1000
3845 1000
3846 1000
3847 1000
3848 1000
3849 1000
3850 1000
3851 1000
3852 1000
3853 1000
3854 1000
3855 1000
3856 1000
3857 1000
3858 1000
3859 1000
3860 1000
3861 1000
3862 1000
3863 1000
3864 1000
3865 1000
3866 1000
3867 1000
3868 1000
3869 1000
3870 1000
3871 1000
3872 1000
3873 1000
3874 1000
3875 1000
3876 1000
3877 1000
3878 1000
3879 1000
3880 1000
3881 1000
3882 1000
3883 1000
3884 1000
3885 1000
3886 1000
3887 1000
3888 1000
3889 1000
3890 1000
3891 1000
3892 1000
3893 1000
3894 1000
3895 1000
3896 1000
3897 1000
3898 1000
3899 1000
3900 1000
3901 1000
3902 1000
3903 1000
3904 1000
3905 1000
3906 1000
3907 1000
3908 1000
3909 1000
3910 1000
3911 1000
3912 1000
3913 1000
3914 1000
3915 1000
3916 1000
3917 1000
3918 1000
3919 1000
3920 1000
3921 1000
3922 1000
3923 1000
3924 1000
3925 1000
3926 1000
3927 1000
3928 1000
3929 1000
3930 1000
3931 1000
3932 1000
3933 1000
3934 1000
3935 1000
3936 1000
3937 1000
3938 1000
3939 1000
3940 1000
3941 1000
3942 1000
3943 1000
3944 1000
3945 1000
3946 1000
3947 1000
3948 1000
3949 1000
3950 1000
3951 1000
3952 1000
3953 1000
3954 1000
3955 1000
3956 1000
3957 1000
3958 1000
3959 1000
3960 1000
3961 1000
3962 1000
3963 1000
3964 1000
3965 1000
3966 1000
3967 1000
3968 1000
3969 1000
3970 1000
3971 1000
3972 1000
3973 1000
3974 1000
3975 1000
3976 1000
3977 1000
3978 1000
3979 1000
3980 1000
3981 1000
3982 1000
3983 1000
3984 1000
3985 1000
3986 1000
3987 1000
3988 1000
3989 1000
3990 1000
3991 1000
3992 1000
3993 1000
3994 1000
3995 1000
3996 1000
3997 1000
3998 1000
3999 1000
4000 1000
4001 1000
4002 1000
4003 1000
4004 1000
4005 1000
4006 1000
4007 1000
4008 1000
4009 1000
4010 1000
4011 1000
4012 1000
4013 1000
4014 1000
4015 1000
4016 1000
4017 1000
4018 1000
4019 1000
4020 1000
4021 1000
4022 1000
4023 1000
4024 1000
4025 1000
4026 1000
4027 1000
4028 1000
4029 1000
4030 1000
4031 1000
4032 1000
4033 1000
4034 1000
4035 1000
4036 1000
4037 1000
4038 1000
4039 1000
4040 1000
4041 1000
4042 1000
4043 1000
4044 1000
4045 1000
4046 1000
4047 1000
4048 1000
4049 1000
4050 1000
4051 1000
4052 1000
4053 1000
4054 1000
4055 1000
4056 1000
4057 1000
4058 1000
4059 1000
4060 1000
4061 1000
4062 1000
4063 1000
4064 1000
4065 1000
4066 1000
4067 1000
4068 1000
4069 1000
4070 1000
4071 1000
4072 1000
4073 1000
4074 1000
4075 1000
4076 1000
4077 1000
4078 1000
4079 1000
4080 1000
4081 1000
4082 1000
4083 1000
4084 1000
4085 1000
4086 1000
4087 1000
4088 1000
4089 1000
4090 1000
4091 1000
4092 1000
4093 1000
4094 1000
4095 1000
4096 1000
4097 1000
4098 1000
4099 1000
4100 1000
4101 1000
4102 1000
4103 1000
4104 1000
4105 1000
4106 1000
4107 1000
4108 1000
4109 1000
4110 1000
4111 1000
4112 1000
4113 1000
4114 1000
4115 1000
4116 1000
4117 1000
4118 1000
4119 1000
4120 1000
4121 1000
4122 1000
4123 1000
4124 1000
4125 1000
4126 1000
4127 1000
4128 1000
4129 1000
4130 1000
4131 1000
4132 1000
4133 1000
4134 1000
4135 1000
4136 1000
4137 1000
4138 1000
4139 1000
4140 1000
4141 1000
4142 1000
4143 1000
4144 1000
4145 1000
4146 1000
4147 1000
4148 1000
4149 1000
4150 1000
4151 1000
4152 1000
4153 1000
4154 1000
4155 1000
4156 1000
4157 1000
4158 1000
4159 1000
4160 1000
4161 1000
4162 1000
4163 1000
4164 1000
4165 1000
4166 1000
4167 1000
4168 1000
4169 1000
4170 1000
4171 1000
4172 1000
4173 1000
4174 1000
4175 1000
4176 1000
4177 1000
4178 1000
4179 1000
4180 1000
4181 1000
4182 1000
4183 1000
4184 1000
4185 1000
4186 1000
4187 1000
4188 1000
4189 1000
4190 1000
4191 1000
4192 1000
4193 1000
4194 1000
4195 1000
4196 1000
4197 1000
4198 1000
4199 1000
4200 1000
4201 1000
4202 1000
4203 1000
4204 1000
4205 1000
4206 1000
4207 1000
4208 1000
4209 1000
4210 1000
4211 1000
4212 1000
4213 1000
4214 1000
4215 1000
4216 1000
4217 1000
4218 1000
4219 1000
4220 1000
4221 1000
4222 1000
4223 1000
4224 1000
4225 1000
4226 1000
4227 1000
4228 1000
4229 1000
4230 1000
4231 1000
4232 1000
4233 1000
4234 1000
4235 1000
4236 1000
4237 1000
4238 1000
4239 1000
4240 1000
4241 1000
4242 1000
4243 1000
4244 1000
4245 1000
4246 1000
4247 1000
4248 1000
4249 1000
4250 1000
4251 1000
4252 1000
4253 1000
4254 1000
4255 1000
4256 1000
4257 1000
4258 1000
4259 1000
4260 1000
4261 1000
4262 1000
4263 1000
4264 1000
4265 1000
4266 1000
4267 1000
4268 1000
4269 1000
4270 1000
4271 1000
4272 1000
4273 1000
4274 1000
4275 1000
4276 1000
4277 1000
4278 1000
4279 1000
4280 1000
4281 1000
4282 1000
4283 1000
4284 1000
4285 1000
4286 1000
4287 1000
4288 1000
4289 1000
4290 1000
4291 1000
4292 1000
4293 1000
4294 1000
4295 1000
4296 1000
4297 1000
4298 1000
4299 1000
4300 1000
4301 1000
4302 1000
4303 1000
4304 1000
4305 1000
4306 1000
4307 1000
4308 1000
4309 1000
4310 1000
4311 1000
4312 1000
4313 1000
4314 1000
4315 1000
4316 1000
4317 1000
4318 1000
4319 1000
4320 1000
4321 1000
4322 1000
4323 1000
4324 1000
4325 1000
4326 1000
4327 1000
4328 1000
4329 1000
4330 1000
4331 1000
4332 1000
4333 1000
4334 1000
4335 1000
4336 1000
4337 1000
4338 1000
4339 1000
4340 1000
4341 1000
4342 1000
4343 1000
4344 1000
4345 1000
4346 1000
4347 1000
4348 1000
4349 1000
4350 1000
4351 1000
4352 1000
4353 1000
4354 1000
4355 1000
4356 1000
4357 1000
4358 1000
4359 1000
4360 1000
4361 1000
4362 1000
4363 1000
4364 1000
4365 1000
4366 1000
4367 1000
4368 1000
4369 1000
4370 1000
4371 1000
4372 1000
4373 1000
4374 1000
4375 1000
4376 1000
4377 1000
4378 1000
4379 1000
4380 1000
4381 1000
4382 1000
4383 1000
4384 1000
4385 1000
4386 1000
4387 1000
4388 1000
4389 1000
4390 1000
4391 1000
4392 1000
4393 1000
4394 1000
4395 1000
4396 1000
4397 1000
4398 1000
4399 1000
4400 1000
4401 1000
4402 1000
4403 1000
4404 1000
4405 1000
4406 1000
4407 1000
4408 1000
4409 1000
4410 1000
4411 1000
4412 1000
4413 1000
4414 1000
4415 1000
4416 1000
4417 1000
4418 1000
4419 1000
4420 1000
4421 1000
4422 1000
4423 1000
4424 1000
4425 1000
4426 1000
4427 1000
4428 1000
4429 1000
4430 1000
4431 1000
4432 1000
4433 1000
4434 1000
4435 1000
4436 1000
4437 1000
4438 1000
4439 1000
4440 1000
4441 1000
4442 1000
4443 1000
4444 1000
4445 1000
4446 1000
4447 1000
4448 1000
4449 1000
4450 1000
4451 1000
4452 1000
4453 1000
4454 1000
4455 1000
4456 1000
4457 1000
4458 1000
4459 1000
4460 1000
4461 1000
4462 1000
4463 1000
4464 1000
4465 1000
4466 1000
4467 1000
4468 1000
4469 1000
4470 1000
4471 1000
4472 1000
4473 1000
4474 1000
4475 1000
4476 1000
4477 1000
4478 1000
4479 1000
4480 1000
4481 1000
4482 1000
4483 1000
4484 1000
4485 1000
4486 1000
4487 1000
4488 1000
4489 1000
4490 1000
4491 1000
4492 1000
4493 1000
4494 1000
4495 1000
4496 1000
4497 1000
4498 1000
4499 1000
4500 1000
4501 1000
4502 1000
4503 1000
4504 1000
4505 1000
4506 1000
4507 1000
4508 1000
4509 1000
4510 1000
4511 1000
4512 1000
4513 1000
4514 1000
4515 1000
4516 1000
4517 1000
4518 1000
4519 1000
4520 1000
4521 1000
4522 1000
4523 1000
4524 1000
4525 1000
4526 1000
4527 1000
4528 1000
4529 1000
4530 1000
4531 1000
4532 1000
4533 1000
4534 1000
4535 1000
4536 1000
4537 1000
4538 1000
4539 1000
4540 1000
4541 1000
4542 1000
4543 1000
4544 1000
4545 1000
4546 1000
4547 1000
4548 1000
4549 1000
4550 1000
4551 1000
4552 1000
4553 1000
4554 1000
4555 1000
4556 1000
4557 1000
4558 1000
4559 1000
4560 1000
4561 1000
4562 1000
4563 1000
4564 1000
4565 1000
4566 1000
4567 1000
4568 1000
4569 1000
4570 1000
4571 1000
4572 1000
4573 1000
4574 1000
4575 1000
4576 1000
4577 1000
4578 1000
4579 1000
4580 1000
4581 1000
4582 1000
4583 1000
4584 1000
4585 1000
4586 1000
4587 1000
4588 1000
4589 1000
4590 1000
4591 1000
4592 1000
4593 1000
4594 1000
4595 1000
4596 1000
4597 1000
4598 1000
4599 1000
4600 1000
4601 1000
4602 1000
4603 1000
4604 1000
4605 1000
4606 1000
4607 1000
4608 1000
4609 1000
4610 1000
4611 1000
4612 1000
4613 1000
4614 1000
4615 1000
4616 1000
4617 1000
4618 1000
4619 1000
4620 1000
4621 1000
4622 1000
4623 1000
4624 1000
4625 1000
4626 1000
4627 1000
4628 1000
4629 1000
4630 1000
4631 1000
4632 1000
4633 1000
4634 1000
4635 1000
4636 1000
4637 1000
4638 1000
4639 1000
4640 1000
4641 1000
4642 1000
4643 1000
4644 1000
4645 1000
4646 1000
4647 1000
4648 1000
4649 1000
4650 1000
4651 1000
4652 1000
4653 1000
4654 1000
4655 1000
4656 1000
4657 1000
4658 1000
4659 1000
4660 1000
4661 1000
4662 1000
4663 1000
4664 1000
4665 1000
4666 1000
4667 1000
4668 1000
4669 1000
4670 1000
4671 1000
4672 1000
4673 1000
4674 1000
4675 1000
4676 1000
4677 1000
4678 1000
4679 1000
4680 1000
4681 1000
4682 1000
4683 1000
4684 1000
4685 1000
4686 1000
4687 1000
4688 1000
4689 1000
4690 1000
4691 1000
4692 1000
4693 1000
4694 1000
4695 1000
4696 1000
4697 1000
4698 1000
4699 1000
4700 1000
4701 1000
4702 1000
4703 1000
4704 1000
4705 1000
4706 1000
4707 1000
4708 1000
4709 1000
4710 1000
4711 1000
4712 1000
4713 1000
4714 1000
4715 1000
4716 1000
4717 1000
4718 1000
4719 1000
4720 1000
4721 1000
4722 1000
4723 1000
4724 1000
4725 1000
4726 1000
4727 1000
4728 1000
4729 1000
4730 1000
4731 1000
4732 1000
4733 1000
4734 1000
4735 1000
4736 1000
4737 1000
4738 1000
4739 1000
4740 1000
4741 1000
4742 1000
4743 1000
4744 1000
4745 1000
4746 1000
4747 1000
4748 1000
4749 1000
4750 1000
4751 1000
4752 1000
4753 1000
4754 1000
4755 1000
4756 1000
4757 1000
4758 1000
4759 1000
4760 1000
4761 1000
4762 1000
4763 1000
4764 1000
4765 1000
4766 1000
4767 1000
4768 1000
4769 1000
4770 1000
4771 1000
4772 1000
4773 1000
4774 1000
4775 1000
4776 1000
4777 1000
4778 1000
4779 1000
4780 1000
4781 1000
4782 1000
4783 1000
4784 1000
4785 1000
4786 1000
4787 1000
4788 1000
4789 1000
4790 1000
4791 1000
4792 1000
4793 1000
4794 1000
4795 1000
4796 1000
4797 1000
4798 1000
4799 1000
4800 1000
4801 1000
4802 1000
4803 1000
4804 1000
4805 1000
4806 1000
4807 1000
4808 1000
4809 1000
4810 1000
4811 1000
4812 1000
4813 1000
4814 1000
4815 1000
4816 1000
4817 1000
4818 1000
4819 1000
4820 1000
4821 1000
4822 1000
4823 1000
4824 1000
4825 1000
4826 1000
4827 1000
4828 1000
4829 1000
4830 1000
4831 1000
4832 1000
4833 1000
4834 1000
4835 1000
4836 1000
4837 1000
4838 1000
4839 1000
4840 1000
4841 1000
4842 1000
4843 1000
4844 1000
4845 1000
4846 1000
4847 1000
4848 1000
4849 1000
4850 1000
4851 1000
4852 1000
4853 1000
4854 1000
4855 1000
4856 1000
4857 1000
4858 1000
4859 1000
4860 1000
4861 1000
4862 1000
4863 1000
4864 1000
4865 1000
4866 1000
4867 1000
4868 1000
4869 1000
4870 1000
4871 1000
4872 1000
4873 1000
4874 1000
4875 1000
4876 1000
4877 1000
4878 1000
4879 1000
4880 1000
4881 1000
4882 1000
4883 1000
4884 1000
4885 1000
4886 1000
4887 1000
4888 1000
4889 1000
4890 1000
4891 1000
4892 1000
4893 1000
4894 1000
4895 1000
4896 1000
4897 1000
4898 1000
4899 1000
4900 1000
4901 1000
4902 1000
4903 1000
4904 1000
4905 1000
4906 1000
4907 1000
4908 1000
4909 1000
4910 1000
4911 1000
4912 1000
4913 1000
4914 1000
4915 1000
4916 1000
4917 1000
4918 1000
4919 1000
4920 1000
4921 1000
4922 1000
4923 1000
4924 1000
4925 1000
4926 1000
4927 1000
4928 1000
4929 1000
4930 1000
4931 1000
4932 1000
4933 1000
4934 1000
4935 1000
4936 1000
4937 1000
4938 1000
4939 1000
4940 1000
4941 1000
4942 1000
4943 1000
4944 1000
4945 1000
4946 1000
4947 1000
4948 1000
4949 1000
4950 1000
4951 1000
4952 1000
4953 1000
4954 1000
4955 1000
4956 1000
4957 1000
4958 1000
4959 1000
4960 1000
4961 1000
4962 1000
4963 1000
4964 1000
4965 1000
4966 1000
4967 1000
4968 1000
4969 1000
4970 1000
4971 1000
4972 1000
4973 1000
4974 1000
4975 1000
4976 1000
4977 1000
4978 1000
4979 1000
4980 1000
4981 1000
4982 1000
4983 1000
4984 1000
4985 1000
4986 1000
4987 1000
4988 1000
4989 1000
4990 1000
4991 1000
4992 1000
4993 1000
4994 1000
4995 1000
4996 1000
4997 1000
4998 1000
4999 1000
5000 1000
